1 515030910526 77 67.5 36.5
2 515030910571 95 92 40
3 516030910469 86 78 39.5
4 516030910471 80 72 36.5
5 516030910472 86 79 39
6 516030910474 85 77 39
7 516030910475 91 88 38.5
8 516030910476 47 34 26.5
9 516030910477 60 44 34
10 516030910478 80 69 39
11 516030910479 94 90.5 40
12 516030910480 85 78.5 38
13 516030910481 82 72 39
14 516030910482 93 90 39
15 516030910484 85 78 38.5
16 516030910485 76 62 38.5
17 516030910487 4 0 4
18 516030910488 84 75 39
19 516030910489 70 54 37.5
20 516030910490 66 59 31
21 516030910491 88 81.5 39
22 516030910492 83 76.5 37.5
23 516030910493 89 82.5 39
24 516030910494 45 39.5 21
25 516030910495 87 80.5 39
26 516030910496 90 86 38.5
27 516030910497 85 75.5 40
28 516030910498 84 77 38
29 516030910499 79 69 37.5
30 516030910500 82 74 38
31 516030910501 88 82 39
32 516030910502 91 85.5 39.5
33 516030910503 84 75.5 39
34 516030910504 90 87 38
35 516030910505 86 78 39.5
36 516030910507 81 73 37
37 516030910508 81 71 38.5
38 516030910509 91 87 38.5
39 516030910510 84 74.5 39.5
40 516030910511 83 72.5 39
41 516030910512 77 69 36
42 516030910513 87 80 38.5
43 516030910514 85 78.5 37.5
44 516030910515 83 78 36.5
45 516030910516 79 71 36.5
46 516030910517 85 76.5 39.5
47 516030910519 74 63 36.5
48 516030910520 76 64 37.5
49 516030910521 85 75 40
50 516030910523 82 71.5 39
51 516030910524 84 77 37.5
52 516030910525 34 22.5 20.5
53 516030910527 86 85.5 35
54 516030910528 83 74 39
55 516030910529 84 75 39
56 516030910530 82 73.5 37.5
57 516030910532 85 77 39
58 516030910533 78 66.5 38
59 516030910534 93 87.5 40
60 516030910536 86 79 39
61 516030910537 91 86 39.5
62 516030910538 89 82 39.5
63 516030910539 87 78 40
64 516030910540 82 73.5 38
65 516030910541 93 88.5 39.5
66 516030910542 81 69.5 39.5
67 516030910543 90 85.5 39
68 516030910544 81 69.5 39.5
69 516030910545 73 61.5 36
70 516030910547 87 78 40
71 516030910548 96 95 38.5
72 516030910549 94 90.5 40
73 516030910550 74 58.5 39
74 516030910551 81 68.5 39.5
75 516030910552 85 76.5 39.5
76 516030910553 87 82 38
77 516030910554 87 81.5 38.5
78 516030910555 68 52.5 36.5
79 516030910556 85 77.5 38
80 516030910557 90 84 39.5
81 516030910558 70 58.5 35
82 516030910559 85 77.5 38.5
83 516030910560 81 74 36.5
84 516030910561 69 58.5 34
85 516030910563 63 45.5 35.5
86 516082910003 89 83 39.5